num_vertices=107
id=0,pos=[-4,-4,0],neighbor_id=[1,2,3,4,11,12,13,14,22,23,24,25,31,32,33,39,]
id=1,pos=[-4,-3.25,0],neighbor_id=[0,2,3,4,5,11,12,13,14,15,22,23,24,25,26,31,32,33,34,]
id=2,pos=[-4,-2.5,0],neighbor_id=[0,1,3,4,5,6,11,12,13,14,15,16,22,23,24,25,26,27,31,32,33,34,40,]
id=3,pos=[-4,-1.75,0],neighbor_id=[0,1,2,4,5,6,7,11,12,13,14,15,16,17,22,23,24,25,26,27,28,32,33,34,41,]
id=4,pos=[-4,-1,0],neighbor_id=[0,1,2,3,5,6,7,8,12,13,14,15,16,17,18,23,24,25,26,27,28,29,33,34,35,]
id=5,pos=[-4,-0.25,0],neighbor_id=[1,2,3,4,6,7,8,9,13,14,15,16,17,18,19,24,25,26,27,28,29,34,35,36,]
id=6,pos=[-4,0.5,0],neighbor_id=[2,3,4,5,7,8,9,10,14,15,16,17,18,19,20,25,26,27,28,29,35,36,37,43,]
id=7,pos=[-4,1.25,0],neighbor_id=[3,4,5,6,8,9,10,15,16,17,18,19,20,21,26,27,28,29,35,36,37,44,]
id=8,pos=[-4,2,0],neighbor_id=[4,5,6,7,9,10,16,17,18,19,20,21,27,28,29,35,36,]
id=9,pos=[-4,2.75,0],neighbor_id=[5,6,7,8,10,17,18,19,20,21,28,29,30,36,]
id=10,pos=[-4,3.5,0],neighbor_id=[6,7,8,9,18,19,20,21,29,30,38,]
id=11,pos=[-3.25,-4,0],neighbor_id=[0,1,2,3,12,13,14,15,22,23,24,25,31,32,33,34,39,46,]
id=12,pos=[-3.25,-3.25,0],neighbor_id=[0,1,2,3,4,11,13,14,15,16,22,23,24,25,26,31,32,33,34,39,40,41,]
id=13,pos=[-3.25,-2.5,0],neighbor_id=[0,1,2,3,4,5,11,12,14,15,16,17,22,23,24,25,26,27,31,32,33,34,39,40,41,48,]
id=14,pos=[-3.25,-1.75,0],neighbor_id=[0,1,2,3,4,5,6,11,12,13,15,16,17,18,22,23,24,25,26,27,28,31,32,33,34,35,40,41,49,]
id=15,pos=[-3.25,-1,0],neighbor_id=[1,2,3,4,5,6,7,11,12,13,14,16,17,18,19,23,24,25,26,27,28,29,32,33,34,35,36,40,43,]
id=16,pos=[-3.25,-0.25,0],neighbor_id=[2,3,4,5,6,7,8,12,13,14,15,17,18,19,20,24,25,26,27,28,29,33,34,35,36,37,43,44,]
id=17,pos=[-3.25,0.5,0],neighbor_id=[3,4,5,6,7,8,9,13,14,15,16,18,19,20,21,25,26,27,28,29,35,36,37,43,44,45,52,]
id=18,pos=[-3.25,1.25,0],neighbor_id=[4,5,6,7,8,9,10,14,15,16,17,19,20,21,26,27,28,29,35,36,37,42,43,44,45,53,]
id=19,pos=[-3.25,2,0],neighbor_id=[5,6,7,8,9,10,15,16,17,18,20,21,27,28,29,35,36,43,44,]
id=20,pos=[-3.25,2.75,0],neighbor_id=[6,7,8,9,10,16,17,18,19,21,]
id=21,pos=[-3.25,3.5,0],neighbor_id=[7,8,9,10,17,18,19,20,30,38,]
id=22,pos=[-2.5,-4,0],neighbor_id=[0,1,2,3,11,12,13,14,23,24,25,26,31,32,33,34,39,41,46,57,]
id=23,pos=[-2.5,-3.25,0],neighbor_id=[0,1,2,3,4,11,12,13,14,15,22,24,25,26,27,31,32,33,34,39,41,46,49,]
id=24,pos=[-2.5,-2.5,0],neighbor_id=[0,1,2,3,4,5,11,12,13,14,15,16,22,23,25,26,27,28,31,32,33,34,40,41,48,49,50,59,]
id=25,pos=[-2.5,-1.75,0],neighbor_id=[0,1,2,3,4,5,6,11,12,13,14,15,16,17,22,23,24,26,27,28,29,31,32,33,34,40,41,48,49,60,]
id=26,pos=[-2.5,-1,0],neighbor_id=[1,2,3,4,5,6,7,12,13,14,15,16,17,18,22,23,24,25,27,28,29,32,33,34,36,40,]
id=27,pos=[-2.5,-0.25,0],neighbor_id=[2,3,4,5,6,7,8,13,14,15,16,17,18,19,23,24,25,26,28,29,35,36,37,43,44,45,52,53,]
id=28,pos=[-2.5,0.5,0],neighbor_id=[3,4,5,6,7,8,9,14,15,16,17,18,19,24,25,26,27,29,35,36,37,42,43,44,45,51,52,53,54,63,]
id=29,pos=[-2.5,1.25,0],neighbor_id=[4,5,6,7,8,9,10,15,16,17,18,19,25,26,27,28,35,36,37,42,43,44,45,51,52,53,54,]
id=30,pos=[-2.5,3.5,0],neighbor_id=[9,10,21,38,]
id=31,pos=[-1.75,-4,0],neighbor_id=[0,1,2,11,12,13,14,22,23,24,25,32,33,34,39,46,47,57,58,66,]
id=32,pos=[-1.75,-3.25,0],neighbor_id=[0,1,2,3,11,12,13,14,15,22,23,24,25,26,31,33,34,]
id=33,pos=[-1.75,-2.5,0],neighbor_id=[0,1,2,3,4,11,12,13,14,15,16,22,23,24,25,26,31,32,34,40,41,48,49,50,51,59,60,61,68,]
id=34,pos=[-1.75,-1.75,0],neighbor_id=[1,2,3,4,5,11,12,13,14,15,16,22,23,24,25,26,31,32,33,40,41,47,48,49,50,58,59,60,61,69,]
id=35,pos=[-1.75,0.5,0],neighbor_id=[4,5,6,7,8,14,15,16,17,18,19,27,28,29,36,37,42,43,44,45,50,51,52,53,54,55,61,62,63,72,]
id=36,pos=[-1.75,1.25,0],neighbor_id=[5,6,7,8,9,15,16,17,18,19,26,27,28,29,35,37,42,43,44,45,50,51,52,53,54,62,63,64,]
id=37,pos=[-1.75,2,0],neighbor_id=[6,7,16,17,18,27,28,29,35,36,42,43,44,45,51,52,53,54,63,]
id=38,pos=[-1.75,3.5,0],neighbor_id=[10,21,30,]
id=39,pos=[-1,-4,0],neighbor_id=[0,11,12,13,22,23,31,46,47,48,49,57,58,59,60,66,67,68,77,]
id=40,pos=[-1,-2.5,0],neighbor_id=[2,12,13,14,15,24,25,26,33,34,41,46,47,48,49,50,51,57,58,59,60,61,62,66,67,68,69,70,79,]
id=41,pos=[-1,-1.75,0],neighbor_id=[3,12,13,14,22,23,24,25,33,34,40,46,47,48,49,50,51,52,57,58,59,60,61,62,63,67,68,69,70,71,80,]
id=42,pos=[-1,-0.25,0],neighbor_id=[18,28,29,35,36,37,43,44,45,48,49,50,51,52,53,54,59,60,61,62,63,69,70,71,72,82,]
id=43,pos=[-1,0.5,0],neighbor_id=[6,15,16,17,18,19,27,28,29,35,36,37,42,44,45,49,50,51,52,53,54,55,60,61,62,63,64,70,71,72,]
id=44,pos=[-1,1.25,0],neighbor_id=[7,16,17,18,19,27,28,29,35,36,37,42,43,45,50,51,52,53,54,55,61,62,63,64,65,71,72,75,]
id=45,pos=[-1,2,0],neighbor_id=[17,18,27,28,29,35,36,37,42,43,44,51,52,53,54,62,63,64,75,]
id=46,pos=[-0.25,-4,0],neighbor_id=[11,22,23,31,39,40,41,47,48,49,50,57,58,59,60,66,67,68,69,77,78,79,87,]
id=47,pos=[-0.25,-3.25,0],neighbor_id=[31,34,39,40,41,46,48,49,50,51,57,58,59,60,61,66,67,68,69,70,77,78,79,80,88,]
id=48,pos=[-0.25,-2.5,0],neighbor_id=[13,24,25,33,34,39,40,41,42,46,47,49,50,51,52,57,58,59,60,61,62,66,67,68,69,70,71,77,78,79,80,81,89,]
id=49,pos=[-0.25,-1.75,0],neighbor_id=[14,23,24,25,33,34,39,40,41,42,43,46,47,48,50,51,52,53,57,58,59,60,61,62,63,66,67,68,69,70,71,72,78,79,80,81,82,90,]
id=50,pos=[-0.25,-1,0],neighbor_id=[24,33,34,35,36,40,41,42,43,44,46,47,48,49,51,52,53,54,58,59,60,61,62,63,67,68,69,70,71,72,73,79,80,81,82,91,]
id=51,pos=[-0.25,-0.25,0],neighbor_id=[28,29,33,35,36,37,40,41,42,43,44,45,47,48,49,50,52,53,54,55,59,60,61,62,63,68,69,70,71,72,73,80,81,82,83,]
id=52,pos=[-0.25,0.5,0],neighbor_id=[17,27,28,29,35,36,37,41,42,43,44,45,48,49,50,51,53,54,55,60,61,62,63,69,70,71,72,81,82,83,]
id=53,pos=[-0.25,1.25,0],neighbor_id=[18,27,28,29,35,36,37,42,43,44,45,49,50,51,52,54,55,61,62,63,64,65,70,71,72,82,]
id=54,pos=[-0.25,2,0],neighbor_id=[28,29,35,36,37,42,43,44,45,50,51,52,53,55,62,63,64,65,75,76,85,86,]
id=55,pos=[-0.25,2.75,0],neighbor_id=[35,43,44,51,52,53,54,64,65,74,75,76,84,85,86,94,]
id=56,pos=[-0.25,3.5,0],neighbor_id=[64,65,74,75,76,84,85,86,95,]
id=57,pos=[0.5,-4,0],neighbor_id=[22,31,39,40,41,46,47,48,49,58,59,60,61,66,67,68,69,77,78,79,80,87,88,89,96,]
id=58,pos=[0.5,-3.25,0],neighbor_id=[31,34,39,40,41,46,47,48,49,50,57,59,60,61,62,66,67,68,69,70,77,78,79,80,81,87,88,89,90,97,]
id=59,pos=[0.5,-2.5,0],neighbor_id=[24,33,34,39,40,41,42,46,47,48,49,50,51,57,58,60,61,62,63,66,67,68,69,70,71,77,78,79,80,81,82,87,88,89,90,91,98,]
id=60,pos=[0.5,-1.75,0],neighbor_id=[25,33,34,39,40,41,42,43,46,47,48,49,50,51,52,57,58,59,61,62,63,66,67,68,69,70,71,72,77,78,79,80,81,82,88,89,90,91,99,]
id=61,pos=[0.5,-1,0],neighbor_id=[33,34,35,40,41,42,43,44,47,48,49,50,51,52,53,57,58,59,60,62,63,67,68,69,70,71,72,73,78,79,80,81,82,83,89,90,91,100,]
id=62,pos=[0.5,-0.25,0],neighbor_id=[35,36,40,41,42,43,44,45,48,49,50,51,52,53,54,58,59,60,61,63,68,69,70,71,72,73,79,80,81,82,83,84,90,91,92,]
id=63,pos=[0.5,0.5,0],neighbor_id=[28,35,36,37,41,42,43,44,45,49,50,51,52,53,54,59,60,61,62,69,70,71,72,73,80,81,82,83,84,91,92,93,]
id=64,pos=[0.5,2.75,0],neighbor_id=[36,43,44,45,53,54,55,56,65,74,75,76,83,84,85,86,92,93,94,95,105,]
id=65,pos=[0.5,3.5,0],neighbor_id=[44,53,54,55,56,64,74,75,76,83,84,85,86,93,94,95,106,]
id=66,pos=[1.25,-4,0],neighbor_id=[31,39,40,46,47,48,49,57,58,59,60,67,68,69,70,77,78,79,80,87,88,89,90,96,97,98,]
id=67,pos=[1.25,-3.25,0],neighbor_id=[39,40,41,46,47,48,49,50,57,58,59,60,61,66,68,69,70,71,77,78,79,80,81,87,88,89,90,91,96,97,98,99,]
id=68,pos=[1.25,-2.5,0],neighbor_id=[33,39,40,41,46,47,48,49,50,51,57,58,59,60,61,62,66,67,69,70,71,72,77,78,79,80,81,82,87,88,89,90,91,96,97,98,99,100,]
id=69,pos=[1.25,-1.75,0],neighbor_id=[34,40,41,42,46,47,48,49,50,51,52,57,58,59,60,61,62,63,66,67,68,70,71,72,73,77,78,79,80,81,82,87,88,89,90,91,97,98,99,100,101,]
id=70,pos=[1.25,-1,0],neighbor_id=[40,41,42,43,47,48,49,50,51,52,53,58,59,60,61,62,63,66,67,68,69,71,72,73,78,79,80,81,82,83,88,89,90,91,98,99,100,101,]
id=71,pos=[1.25,-0.25,0],neighbor_id=[41,42,43,44,48,49,50,51,52,53,59,60,61,62,63,67,68,69,70,72,73,79,80,81,82,83,84,89,90,91,93,99,100,]
id=72,pos=[1.25,0.5,0],neighbor_id=[35,42,43,44,49,50,51,52,53,60,61,62,63,68,69,70,71,73,80,81,82,83,84,85,90,91,92,93,94,104,]
id=73,pos=[1.25,1.25,0],neighbor_id=[50,51,61,62,63,69,70,71,72,81,82,83,84,85,86,92,93,94,95,103,104,105,]
id=74,pos=[1.25,2,0],neighbor_id=[55,56,64,65,75,76,82,83,84,85,86,92,93,94,95,102,103,104,105,106,]
id=75,pos=[1.25,2.75,0],neighbor_id=[44,45,54,55,56,64,65,74,76,83,84,85,86,92,93,94,95,103,104,105,106,]
id=76,pos=[1.25,3.5,0],neighbor_id=[54,55,56,64,65,74,75,83,84,85,86,92,93,94,95,104,105,106,]
id=77,pos=[2,-4,0],neighbor_id=[39,46,47,48,57,58,59,60,66,67,68,69,78,79,80,81,87,88,89,90,96,97,98,99,]
id=78,pos=[2,-3.25,0],neighbor_id=[46,47,48,49,57,58,59,60,61,66,67,68,69,70,77,79,80,81,82,87,88,89,90,91,96,97,98,99,100,]
id=79,pos=[2,-2.5,0],neighbor_id=[40,46,47,48,49,50,57,58,59,60,61,62,66,67,68,69,70,71,77,78,80,81,82,87,88,89,90,91,96,97,98,99,100,101,]
id=80,pos=[2,-1.75,0],neighbor_id=[41,47,48,49,50,51,57,58,59,60,61,62,63,66,67,68,69,70,71,72,77,78,79,81,82,87,88,89,90,91,96,97,98,99,100,101,102,]
id=81,pos=[2,-1,0],neighbor_id=[48,49,50,51,52,58,59,60,61,62,63,67,68,69,70,71,72,73,77,78,79,80,82,88,89,90,91,97,98,99,100,101,]
id=82,pos=[2,-0.25,0],neighbor_id=[42,49,50,51,52,53,59,60,61,62,63,68,69,70,71,72,73,74,78,79,80,81,89,90,91,98,99,100,]
id=83,pos=[2,1.25,0],neighbor_id=[51,52,61,62,63,64,65,70,71,72,73,74,75,76,84,85,86,92,93,94,95,103,104,105,106,]
id=84,pos=[2,2,0],neighbor_id=[55,56,62,63,64,65,71,72,73,74,75,76,83,85,86,92,93,94,95,102,103,104,105,106,]
id=85,pos=[2,2.75,0],neighbor_id=[54,55,56,64,65,72,73,74,75,76,83,84,86,92,93,94,95,102,103,104,105,106,]
id=86,pos=[2,3.5,0],neighbor_id=[54,55,56,64,65,73,74,75,76,83,84,85,92,93,94,95,103,104,105,106,]
id=87,pos=[2.75,-4,0],neighbor_id=[46,57,58,59,66,67,68,69,77,78,79,80,88,89,90,91,96,97,98,99,]
id=88,pos=[2.75,-3.25,0],neighbor_id=[47,57,58,59,60,66,67,68,69,70,77,78,79,80,81,87,89,90,91,96,97,98,99,100,]
id=89,pos=[2.75,-2.5,0],neighbor_id=[48,57,58,59,60,61,66,67,68,69,70,71,77,78,79,80,81,82,87,88,90,91,96,97,98,99,100,101,]
id=90,pos=[2.75,-1.75,0],neighbor_id=[49,58,59,60,61,62,66,67,68,69,70,71,72,77,78,79,80,81,82,87,88,89,91,96,97,98,99,100,101,102,]
id=91,pos=[2.75,-1,0],neighbor_id=[50,59,60,61,62,63,67,68,69,70,71,72,78,79,80,81,82,87,88,89,90,97,98,99,100,101,102,]
id=92,pos=[2.75,1.25,0],neighbor_id=[62,63,64,72,73,74,75,76,83,84,85,86,93,94,95,102,103,104,105,106,]
id=93,pos=[2.75,2,0],neighbor_id=[63,64,65,71,72,73,74,75,76,83,84,85,86,92,94,95,101,102,103,104,105,106,]
id=94,pos=[2.75,2.75,0],neighbor_id=[55,64,65,72,73,74,75,76,83,84,85,86,92,93,95,102,103,104,105,106,]
id=95,pos=[2.75,3.5,0],neighbor_id=[56,64,65,73,74,75,76,83,84,85,86,92,93,94,103,104,105,106,]
id=96,pos=[3.5,-4,0],neighbor_id=[57,66,67,68,77,78,79,80,87,88,89,90,97,98,99,100,]
id=97,pos=[3.5,-3.25,0],neighbor_id=[58,66,67,68,69,77,78,79,80,81,87,88,89,90,91,96,98,99,100,101,]
id=98,pos=[3.5,-2.5,0],neighbor_id=[59,66,67,68,69,70,77,78,79,80,81,82,87,88,89,90,91,96,97,99,100,101,102,]
id=99,pos=[3.5,-1.75,0],neighbor_id=[60,67,68,69,70,71,77,78,79,80,81,82,87,88,89,90,91,96,97,98,100,101,102,103,]
id=100,pos=[3.5,-1,0],neighbor_id=[61,68,69,70,71,78,79,80,81,82,88,89,90,91,96,97,98,99,101,102,103,104,]
id=101,pos=[3.5,-0.25,0],neighbor_id=[69,70,79,80,81,89,90,91,93,97,98,99,100,102,103,104,105,]
id=102,pos=[3.5,0.5,0],neighbor_id=[74,80,84,85,90,91,92,93,94,98,99,100,101,103,104,105,106,]
id=103,pos=[3.5,1.25,0],neighbor_id=[73,74,75,83,84,85,86,92,93,94,95,99,100,101,102,104,105,106,]
id=104,pos=[3.5,2,0],neighbor_id=[72,73,74,75,76,83,84,85,86,92,93,94,95,100,101,102,103,105,106,]
id=105,pos=[3.5,2.75,0],neighbor_id=[64,73,74,75,76,83,84,85,86,92,93,94,95,101,102,103,104,106,]
id=106,pos=[3.5,3.5,0],neighbor_id=[65,74,75,76,83,84,85,86,92,93,94,95,102,103,104,105,]
