planner=lacam
comp_time_ms=0
time_limit_ms=1000
agent_rad=0.25
seed=0
solved=1
makespan=61
solution
0:([0,-1,0]->[0,-1,0],1/1),([0,0,0]->[0,0,0],1/1),([1,0,0]->[1,0,0],1/1),
1:([0,-1,0]->[0,-1,0],1/1),([0,0,0]->[0,0,0],1/1),([1,0,0]->[2,0,0],1/10),
2:([0,-1,0]->[0,-1,0],1/1),([0,0,0]->[0,0,0],1/1),([1,0,0]->[2,0,0],2/10),
3:([0,-1,0]->[0,-1,0],1/1),([0,0,0]->[0,0,0],1/1),([1,0,0]->[2,0,0],3/10),
4:([0,-1,0]->[0,-1,0],1/1),([0,0,0]->[0,0,0],1/1),([1,0,0]->[2,0,0],4/10),
5:([0,-1,0]->[0,-1,0],1/1),([0,0,0]->[0,0,0],1/1),([1,0,0]->[2,0,0],5/10),
6:([0,-1,0]->[0,-1,0],1/1),([0,0,0]->[0,0,0],1/1),([1,0,0]->[2,0,0],6/10),
7:([0,-1,0]->[0,-1,0],1/1),([0,0,0]->[0,0,0],1/1),([1,0,0]->[2,0,0],7/10),
8:([0,-1,0]->[0,-1,0],1/1),([0,0,0]->[0,0,0],1/1),([1,0,0]->[2,0,0],8/10),
9:([0,-1,0]->[0,-1,0],1/1),([0,0,0]->[0,0,0],1/1),([1,0,0]->[2,0,0],9/10),
10:([0,-1,0]->[0,-1,0],1/1),([0,0,0]->[0,0,0],1/1),([2,0,0]->[2,0,0],1/1),
11:([0,-1,0]->[0,-1,0],1/1),([0,0,0]->[1,0,0],1/10),([2,0,0]->[2,0,0],1/1),
12:([0,-1,0]->[0,-1,0],1/1),([0,0,0]->[1,0,0],2/10),([2,0,0]->[2,0,0],1/1),
13:([0,-1,0]->[0,-1,0],1/1),([0,0,0]->[1,0,0],3/10),([2,0,0]->[2,0,0],1/1),
14:([0,-1,0]->[0,-1,0],1/1),([0,0,0]->[1,0,0],4/10),([2,0,0]->[2,0,0],1/1),
15:([0,-1,0]->[0,-1,0],1/1),([0,0,0]->[1,0,0],5/10),([2,0,0]->[2,0,0],1/1),
16:([0,-1,0]->[0,-1,0],1/1),([0,0,0]->[1,0,0],6/10),([2,0,0]->[2,0,0],1/1),
17:([0,-1,0]->[0,-1,0],1/1),([0,0,0]->[1,0,0],7/10),([2,0,0]->[2,0,0],1/1),
18:([0,-1,0]->[0,-1,0],1/1),([0,0,0]->[1,0,0],8/10),([2,0,0]->[2,0,0],1/1),
19:([0,-1,0]->[0,-1,0],1/1),([0,0,0]->[1,0,0],9/10),([2,0,0]->[2,0,0],1/1),
20:([0,-1,0]->[0,-1,0],1/1),([1,0,0]->[1,0,0],1/1),([2,0,0]->[2,0,0],1/1),
21:([0,-1,0]->[0,0,0],1/10),([1,0,0]->[1,0,0],1/1),([2,0,0]->[2,0,0],1/1),
22:([0,-1,0]->[0,0,0],2/10),([1,0,0]->[1,0,0],1/1),([2,0,0]->[2,0,0],1/1),
23:([0,-1,0]->[0,0,0],3/10),([1,0,0]->[1,0,0],1/1),([2,0,0]->[2,0,0],1/1),
24:([0,-1,0]->[0,0,0],4/10),([1,0,0]->[1,0,0],1/1),([2,0,0]->[2,0,0],1/1),
25:([0,-1,0]->[0,0,0],5/10),([1,0,0]->[1,0,0],1/1),([2,0,0]->[2,0,0],1/1),
26:([0,-1,0]->[0,0,0],6/10),([1,0,0]->[1,0,0],1/1),([2,0,0]->[2,0,0],1/1),
27:([0,-1,0]->[0,0,0],7/10),([1,0,0]->[1,0,0],1/1),([2,0,0]->[2,0,0],1/1),
28:([0,-1,0]->[0,0,0],8/10),([1,0,0]->[1,0,0],1/1),([2,0,0]->[2,0,0],1/1),
29:([0,-1,0]->[0,0,0],9/10),([1,0,0]->[1,0,0],1/1),([2,0,0]->[2,0,0],1/1),
30:([0,0,0]->[0,0,0],1/1),([1,0,0]->[1,0,0],1/1),([2,0,0]->[2,0,0],1/1),
31:([0,0,0]->[0,1.1,0],1/11),([1,0,0]->[1,0,0],1/1),([2,0,0]->[2,0,0],1/1),
32:([0,0,0]->[0,1.1,0],2/11),([1,0,0]->[1,0,0],1/1),([2,0,0]->[2,0,0],1/1),
33:([0,0,0]->[0,1.1,0],3/11),([1,0,0]->[1,0,0],1/1),([2,0,0]->[2,0,0],1/1),
34:([0,0,0]->[0,1.1,0],4/11),([1,0,0]->[1,0,0],1/1),([2,0,0]->[2,0,0],1/1),
35:([0,0,0]->[0,1.1,0],5/11),([1,0,0]->[1,0,0],1/1),([2,0,0]->[2,0,0],1/1),
36:([0,0,0]->[0,1.1,0],6/11),([1,0,0]->[1,0,0],1/1),([2,0,0]->[2,0,0],1/1),
37:([0,0,0]->[0,1.1,0],7/11),([1,0,0]->[1,0,0],1/1),([2,0,0]->[2,0,0],1/1),
38:([0,0,0]->[0,1.1,0],8/11),([1,0,0]->[1,0,0],1/1),([2,0,0]->[2,0,0],1/1),
39:([0,0,0]->[0,1.1,0],9/11),([1,0,0]->[1,0,0],1/1),([2,0,0]->[2,0,0],1/1),
40:([0,0,0]->[0,1.1,0],10/11),([1,0,0]->[1,0,0],1/1),([2,0,0]->[2,0,0],1/1),
41:([0,1.1,0]->[0,1.1,0],1/1),([1,0,0]->[1,0,0],1/1),([2,0,0]->[2,0,0],1/1),
42:([0,1.1,0]->[0,1.1,0],1/1),([1,0,0]->[0,0,0],1/10),([2,0,0]->[2,0,0],1/1),
43:([0,1.1,0]->[0,1.1,0],1/1),([1,0,0]->[0,0,0],2/10),([2,0,0]->[2,0,0],1/1),
44:([0,1.1,0]->[0,1.1,0],1/1),([1,0,0]->[0,0,0],3/10),([2,0,0]->[2,0,0],1/1),
45:([0,1.1,0]->[0,1.1,0],1/1),([1,0,0]->[0,0,0],4/10),([2,0,0]->[2,0,0],1/1),
46:([0,1.1,0]->[0,1.1,0],1/1),([1,0,0]->[0,0,0],5/10),([2,0,0]->[2,0,0],1/1),
47:([0,1.1,0]->[0,1.1,0],1/1),([1,0,0]->[0,0,0],6/10),([2,0,0]->[2,0,0],1/1),
48:([0,1.1,0]->[0,1.1,0],1/1),([1,0,0]->[0,0,0],7/10),([2,0,0]->[2,0,0],1/1),
49:([0,1.1,0]->[0,1.1,0],1/1),([1,0,0]->[0,0,0],8/10),([2,0,0]->[2,0,0],1/1),
50:([0,1.1,0]->[0,1.1,0],1/1),([1,0,0]->[0,0,0],9/10),([2,0,0]->[2,0,0],1/1),
51:([0,1.1,0]->[0,1.1,0],1/1),([0,0,0]->[0,0,0],1/1),([2,0,0]->[2,0,0],1/1),
52:([0,1.1,0]->[0,1.1,0],1/1),([0,0,0]->[0,0,0],1/1),([2,0,0]->[1,0,0],1/10),
53:([0,1.1,0]->[0,1.1,0],1/1),([0,0,0]->[0,0,0],1/1),([2,0,0]->[1,0,0],2/10),
54:([0,1.1,0]->[0,1.1,0],1/1),([0,0,0]->[0,0,0],1/1),([2,0,0]->[1,0,0],3/10),
55:([0,1.1,0]->[0,1.1,0],1/1),([0,0,0]->[0,0,0],1/1),([2,0,0]->[1,0,0],4/10),
56:([0,1.1,0]->[0,1.1,0],1/1),([0,0,0]->[0,0,0],1/1),([2,0,0]->[1,0,0],5/10),
57:([0,1.1,0]->[0,1.1,0],1/1),([0,0,0]->[0,0,0],1/1),([2,0,0]->[1,0,0],6/10),
58:([0,1.1,0]->[0,1.1,0],1/1),([0,0,0]->[0,0,0],1/1),([2,0,0]->[1,0,0],7/10),
59:([0,1.1,0]->[0,1.1,0],1/1),([0,0,0]->[0,0,0],1/1),([2,0,0]->[1,0,0],8/10),
60:([0,1.1,0]->[0,1.1,0],1/1),([0,0,0]->[0,0,0],1/1),([2,0,0]->[1,0,0],9/10),
61:([0,1.1,0]->[0,1.1,0],1/1),([0,0,0]->[0,0,0],1/1),([1,0,0]->[1,0,0],1/1),
